1668525518
THE TOTAL COST: 4504503
1668525522
---------------solution-----------------
3003
2999,1999,3001
2998,1999,3000
2997,1999,2999
2996,1999,2998
2995,1999,2997
2994,1999,2996
2993,1999,2995
2992,1999,2994
2991,1999,2993
2990,1999,2992
2989,1999,2991
2988,1999,2990
2987,1999,2989
2986,1999,2988
2985,1999,2987
2984,1999,2986
2983,1999,2985
2982,1999,2984
2981,1999,2983
2980,1999,2982
2979,1999,2981
2978,1999,2980
2977,1999,2979
2976,1999,2978
2975,1999,2977
2974,1999,2976
2973,1999,2975
2972,1999,2974
2971,1999,2973
2970,1999,2972
2969,1999,2971
2968,1999,2970
2967,1999,2969
2966,1999,2968
2965,1999,2967
2964,1999,2966
2963,1999,2965
2962,1999,2964
2961,1999,2963
2960,1999,2962
2959,1999,2961
2958,1999,2960
2957,1999,2959
2956,1999,2958
2955,1999,2957
2954,1999,2956
2953,1999,2955
2952,1999,2954
2951,1999,2953
2950,1999,2952
2949,1999,2951
2948,1999,2950
2947,1999,2949
2946,1999,2948
2945,1999,2947
2944,1999,2946
2943,1999,2945
2942,1999,2944
2941,1999,2943
2940,1999,2942
2939,1999,2941
2938,1999,2940
2937,1999,2939
2936,1999,2938
2935,1999,2937
2934,1999,2936
2933,1999,2935
2932,1999,2934
2931,1999,2933
2930,1999,2932
2929,1999,2931
2928,1999,2930
2927,1999,2929
2926,1999,2928
2925,1999,2927
2924,1999,2926
2923,1999,2925
2922,1999,2924
2921,1999,2923
2920,1999,2922
2919,1999,2921
2918,1999,2920
2917,1999,2919
2916,1999,2918
2915,1999,2917
2914,1999,2916
2913,1999,2915
2912,1999,2914
2911,1999,2913
2910,1999,2912
2909,1999,2911
2908,1999,2910
2907,1999,2909
2906,1999,2908
2905,1999,2907
2904,1999,2906
2903,1999,2905
2902,1999,2904
2901,1999,2903
2900,1999,2902
2899,1999,2901
2898,1999,2900
2897,1999,2899
2896,1999,2898
2895,1999,2897
2894,1999,2896
2893,1999,2895
2892,1999,2894
2891,1999,2893
2890,1999,2892
2889,1999,2891
2888,1999,2890
2887,1999,2889
2886,1999,2888
2885,1999,2887
2884,1999,2886
2883,1999,2885
2882,1999,2884
2881,1999,2883
2880,1999,2882
2879,1999,2881
2878,1999,2880
2877,1999,2879
2876,1999,2878
2875,1999,2877
2874,1999,2876
2873,1999,2875
2872,1999,2874
2871,1999,2873
2870,1999,2872
2869,1999,2871
2868,1999,2870
2867,1999,2869
2866,1999,2868
2865,1999,2867
2864,1999,2866
2863,1999,2865
2862,1999,2864
2861,1999,2863
2860,1999,2862
2859,1999,2861
2858,1999,2860
2857,1999,2859
2856,1999,2858
2855,1999,2857
2854,1999,2856
2853,1999,2855
2852,1999,2854
2851,1999,2853
2850,1999,2852
2849,1999,2851
2848,1999,2850
2847,1999,2849
2846,1999,2848
2845,1999,2847
2844,1999,2846
2843,1999,2845
2842,1999,2844
2841,1999,2843
2840,1999,2842
2839,1999,2841
2838,1999,2840
2837,1999,2839
2836,1999,2838
2835,1999,2837
2834,1999,2836
2833,1999,2835
2832,1999,2834
2831,1999,2833
2830,1999,2832
2829,1999,2831
2828,1999,2830
2827,1999,2829
2826,1999,2828
2825,1999,2827
2824,1999,2826
2823,1999,2825
2822,1999,2824
2821,1999,2823
2820,1999,2822
2819,1999,2821
2818,1999,2820
2817,1999,2819
2816,1999,2818
2815,1999,2817
2814,1999,2816
2813,1999,2815
2812,1999,2814
2811,1999,2813
2810,1999,2812
2809,1999,2811
2808,1999,2810
2807,1999,2809
2806,1999,2808
2805,1999,2807
2804,1999,2806
2803,1999,2805
2802,1999,2804
2801,1999,2803
2800,1999,2802
2799,1999,2801
2798,1999,2800
2797,1999,2799
2796,1999,2798
2795,1999,2797
2794,1999,2796
2793,1999,2795
2792,1999,2794
2791,1999,2793
2790,1999,2792
2789,1999,2791
2788,1999,2790
2787,1999,2789
2786,1999,2788
2785,1999,2787
2784,1999,2786
2783,1999,2785
2782,1999,2784
2781,1999,2783
2780,1999,2782
2779,1999,2781
2778,1999,2780
2777,1999,2779
2776,1999,2778
2775,1999,2777
2774,1999,2776
2773,1999,2775
2772,1999,2774
2771,1999,2773
2770,1999,2772
2769,1999,2771
2768,1999,2770
2767,1999,2769
2766,1999,2768
2765,1999,2767
2764,1999,2766
2763,1999,2765
2762,1999,2764
2761,1999,2763
2760,1999,2762
2759,1999,2761
2758,1999,2760
2757,1999,2759
2756,1999,2758
2755,1999,2757
2754,1999,2756
2753,1999,2755
2752,1999,2754
2751,1999,2753
2750,1999,2752
2749,1999,2751
2748,1999,2750
2747,1999,2749
2746,1999,2748
2745,1999,2747
2744,1999,2746
2743,1999,2745
2742,1999,2744
2741,1999,2743
2740,1999,2742
2739,1999,2741
2738,1999,2740
2737,1999,2739
2736,1999,2738
2735,1999,2737
2734,1999,2736
2733,1999,2735
2732,1999,2734
2731,1999,2733
2730,1999,2732
2729,1999,2731
2728,1999,2730
2727,1999,2729
2726,1999,2728
2725,1999,2727
2724,1999,2726
2723,1999,2725
2722,1999,2724
2721,1999,2723
2720,1999,2722
2719,1999,2721
2718,1999,2720
2717,1999,2719
2716,1999,2718
2715,1999,2717
2714,1999,2716
2713,1999,2715
2712,1999,2714
2711,1999,2713
2710,1999,2712
2709,1999,2711
2708,1999,2710
2707,1999,2709
2706,1999,2708
2705,1999,2707
2704,1999,2706
2703,1999,2705
2702,1999,2704
2701,1999,2703
2700,1999,2702
2699,1999,2701
2698,1999,2700
2697,1999,2699
2696,1999,2698
2695,1999,2697
2694,1999,2696
2693,1999,2695
2692,1999,2694
2691,1999,2693
2690,1999,2692
2689,1999,2691
2688,1999,2690
2687,1999,2689
2686,1999,2688
2685,1999,2687
2684,1999,2686
2683,1999,2685
2682,1999,2684
2681,1999,2683
2680,1999,2682
2679,1999,2681
2678,1999,2680
2677,1999,2679
2676,1999,2678
2675,1999,2677
2674,1999,2676
2673,1999,2675
2672,1999,2674
2671,1999,2673
2670,1999,2672
2669,1999,2671
2668,1999,2670
2667,1999,2669
2666,1999,2668
2665,1999,2667
2664,1999,2666
2663,1999,2665
2662,1999,2664
2661,1999,2663
2660,1999,2662
2659,1999,2661
2658,1999,2660
2657,1999,2659
2656,1999,2658
2655,1999,2657
2654,1999,2656
2653,1999,2655
2652,1999,2654
2651,1999,2653
2650,1999,2652
2649,1999,2651
2648,1999,2650
2647,1999,2649
2646,1999,2648
2645,1999,2647
2644,1999,2646
2643,1999,2645
2642,1999,2644
2641,1999,2643
2640,1999,2642
2639,1999,2641
2638,1999,2640
2637,1999,2639
2636,1999,2638
2635,1999,2637
2634,1999,2636
2633,1999,2635
2632,1999,2634
2631,1999,2633
2630,1999,2632
2629,1999,2631
2628,1999,2630
2627,1999,2629
2626,1999,2628
2625,1999,2627
2624,1999,2626
2623,1999,2625
2622,1999,2624
2621,1999,2623
2620,1999,2622
2619,1999,2621
2618,1999,2620
2617,1999,2619
2616,1999,2618
2615,1999,2617
2614,1999,2616
2613,1999,2615
2612,1999,2614
2611,1999,2613
2610,1999,2612
2609,1999,2611
2608,1999,2610
2607,1999,2609
2606,1999,2608
2605,1999,2607
2604,1999,2606
2603,1999,2605
2602,1999,2604
2601,1999,2603
2600,1999,2602
2599,1999,2601
2598,1999,2600
2597,1999,2599
2596,1999,2598
2595,1999,2597
2594,1999,2596
2593,1999,2595
2592,1999,2594
2591,1999,2593
2590,1999,2592
2589,1999,2591
2588,1999,2590
2587,1999,2589
2586,1999,2588
2585,1999,2587
2584,1999,2586
2583,1999,2585
2582,1999,2584
2581,1999,2583
2580,1999,2582
2579,1999,2581
2578,1999,2580
2577,1999,2579
2576,1999,2578
2575,1999,2577
2574,1999,2576
2573,1999,2575
2572,1999,2574
2571,1999,2573
2570,1999,2572
2569,1999,2571
2568,1999,2570
2567,1999,2569
2566,1999,2568
2565,1999,2567
2564,1999,2566
2563,1999,2565
2562,1999,2564
2561,1999,2563
2560,1999,2562
2559,1999,2561
2558,1999,2560
2557,1999,2559
2556,1999,2558
2555,1999,2557
2554,1999,2556
2553,1999,2555
2552,1999,2554
2551,1999,2553
2550,1999,2552
2549,1999,2551
2548,1999,2550
2547,1999,2549
2546,1999,2548
2545,1999,2547
2544,1999,2546
2543,1999,2545
2542,1999,2544
2541,1999,2543
2540,1999,2542
2539,1999,2541
2538,1999,2540
2537,1999,2539
2536,1999,2538
2535,1999,2537
2534,1999,2536
2533,1999,2535
2532,1999,2534
2531,1999,2533
2530,1999,2532
2529,1999,2531
2528,1999,2530
2527,1999,2529
2526,1999,2528
2525,1999,2527
2524,1999,2526
2523,1999,2525
2522,1999,2524
2521,1999,2523
2520,1999,2522
2519,1999,2521
2518,1999,2520
2517,1999,2519
2516,1999,2518
2515,1999,2517
2514,1999,2516
2513,1999,2515
2512,1999,2514
2511,1999,2513
2510,1999,2512
2509,1999,2511
2508,1999,2510
2507,1999,2509
2506,1999,2508
2505,1999,2507
2504,1999,2506
2503,1999,2505
2502,1999,2504
2501,1999,2503
2500,1999,2502
2499,1999,2501
2498,1999,2500
2497,1999,2499
2496,1999,2498
2495,1999,2497
2494,1999,2496
2493,1999,2495
2492,1999,2494
2491,1999,2493
2490,1999,2492
2489,1999,2491
2488,1999,2490
2487,1999,2489
2486,1999,2488
2485,1999,2487
2484,1999,2486
2483,1999,2485
2482,1999,2484
2481,1999,2483
2480,1999,2482
2479,1999,2481
2478,1999,2480
2477,1999,2479
2476,1999,2478
2475,1999,2477
2474,1999,2476
2473,1999,2475
2472,1999,2474
2471,1999,2473
2470,1999,2472
2469,1999,2471
2468,1999,2470
2467,1999,2469
2466,1999,2468
2465,1999,2467
2464,1999,2466
2463,1999,2465
2462,1999,2464
2461,1999,2463
2460,1998,2462
2459,1997,2461
2458,1996,2460
2457,1995,2459
2456,1994,2458
2455,1993,2457
2454,1992,2456
2453,1991,2455
2452,1990,2454
2451,1989,2453
2450,1988,2452
2449,1987,2451
2448,1986,2450
2447,1985,2449
2446,1984,2448
2445,1983,2447
2444,1982,2446
2443,1981,2445
2442,1980,2444
2441,1979,2443
2440,1978,2442
2439,1977,2441
2438,1976,2440
2437,1975,2439
2436,1974,2438
2435,1973,2437
2434,1972,2436
2433,1971,2435
2432,1970,2434
2431,1969,2433
2430,1968,2432
2429,1967,2431
2428,1966,2430
2427,1965,2429
2426,1964,2428
2425,1963,2427
2424,1962,2426
2423,1961,2425
2422,1960,2424
2421,1959,2423
2420,1958,2422
2419,1957,2421
2418,1956,2420
2417,1955,2419
2416,1954,2418
2415,1953,2417
2414,1952,2416
2413,1951,2415
2412,1950,2414
2411,1949,2413
2410,1948,2412
2409,1947,2411
2408,1946,2410
2407,1945,2409
2406,1944,2408
2405,1943,2407
2404,1942,2406
2403,1941,2405
2402,1940,2404
2401,1939,2403
2400,1938,2402
2399,1937,2401
2398,1936,2400
2397,1935,2399
2396,1934,2398
2395,1933,2397
2394,1932,2396
2393,1931,2395
2392,1930,2394
2391,1929,2393
2390,1928,2392
2389,1927,2391
2388,1926,2390
2387,1925,2389
2386,1924,2388
2385,1923,2387
2384,1922,2386
2383,1921,2385
2382,1920,2384
2381,1919,2383
2380,1918,2382
2379,1917,2381
2378,1916,2380
2377,1915,2379
2376,1914,2378
2375,1913,2377
2374,1912,2376
2373,1911,2375
2372,1910,2374
2371,1909,2373
2370,1908,2372
2369,1907,2371
2368,1906,2370
2367,1905,2369
2366,1904,2368
2365,1903,2367
2364,1902,2366
2363,1901,2365
2362,1900,2364
2361,1899,2363
2360,1898,2362
2359,1897,2361
2358,1896,2360
2357,1895,2359
2356,1894,2358
2355,1893,2357
2354,1892,2356
2353,1891,2355
2352,1890,2354
2351,1889,2353
2350,1888,2352
2349,1887,2351
2348,1886,2350
2347,1885,2349
2346,1884,2348
2345,1883,2347
2344,1882,2346
2343,1881,2345
2342,1880,2344
2341,1879,2343
2340,1878,2342
2339,1877,2341
2338,1876,2340
2337,1875,2339
2336,1874,2338
2335,1873,2337
2334,1872,2336
2333,1871,2335
2332,1870,2334
2331,1869,2333
2330,1868,2332
2329,1867,2331
2328,1866,2330
2327,1865,2329
2326,1864,2328
2325,1863,2327
2324,1862,2326
2323,1861,2325
2322,1860,2324
2321,1859,2323
2320,1858,2322
2319,1857,2321
2318,1856,2320
2317,1855,2319
2316,1854,2318
2315,1853,2317
2314,1852,2316
2313,1851,2315
2312,1850,2314
2311,1849,2313
2310,1848,2312
2309,1847,2311
2308,1846,2310
2307,1845,2309
2306,1844,2308
2305,1843,2307
2304,1842,2306
2303,1841,2305
2302,1840,2304
2301,1839,2303
2300,1838,2302
2299,1837,2301
2298,1836,2300
2297,1835,2299
2296,1834,2298
2295,1833,2297
2294,1832,2296
2293,1831,2295
2292,1830,2294
2291,1829,2293
2290,1828,2292
2289,1827,2291
2288,1826,2290
2287,1825,2289
2286,1824,2288
2285,1823,2287
2284,1822,2286
2283,1821,2285
2282,1820,2284
2281,1819,2283
2280,1818,2282
2279,1817,2281
2278,1816,2280
2277,1815,2279
2276,1814,2278
2275,1813,2277
2274,1812,2276
2273,1811,2275
2272,1810,2274
2271,1809,2273
2270,1808,2272
2269,1807,2271
2268,1806,2270
2267,1805,2269
2266,1804,2268
2265,1803,2267
2264,1802,2266
2263,1801,2265
2262,1800,2264
2261,1799,2263
2260,1798,2262
2259,1797,2261
2258,1796,2260
2257,1795,2259
2256,1794,2258
2255,1793,2257
2254,1792,2256
2253,1791,2255
2252,1790,2254
2251,1789,2253
2250,1788,2252
2249,1787,2251
2248,1786,2250
2247,1785,2249
2246,1784,2248
2245,1783,2247
2244,1782,2246
2243,1781,2245
2242,1780,2244
2241,1779,2243
2240,1778,2242
2239,1777,2241
2238,1776,2240
2237,1775,2239
2236,1774,2238
2235,1773,2237
2234,1772,2236
2233,1771,2235
2232,1770,2234
2231,1769,2233
2230,1768,2232
2229,1767,2231
2228,1766,2230
2227,1765,2229
2226,1764,2228
2225,1763,2227
2224,1762,2226
2223,1761,2225
2222,1760,2224
2221,1759,2223
2220,1758,2222
2219,1757,2221
2218,1756,2220
2217,1755,2219
2216,1754,2218
2215,1753,2217
2214,1752,2216
2213,1751,2215
2212,1750,2214
2211,1749,2213
2210,1748,2212
2209,1747,2211
2208,1746,2210
2207,1745,2209
2206,1744,2208
2205,1743,2207
2204,1742,2206
2203,1741,2205
2202,1740,2204
2201,1739,2203
2200,1738,2202
2199,1737,2201
2198,1736,2200
2197,1735,2199
2196,1734,2198
2195,1733,2197
2194,1732,2196
2193,1731,2195
2192,1730,2194
2191,1729,2193
2190,1728,2192
2189,1727,2191
2188,1726,2190
2187,1725,2189
2186,1724,2188
2185,1723,2187
2184,1722,2186
2183,1721,2185
2182,1720,2184
2181,1719,2183
2180,1718,2182
2179,1717,2181
2178,1716,2180
2177,1715,2179
2176,1714,2178
2175,1713,2177
2174,1712,2176
2173,1711,2175
2172,1710,2174
2171,1709,2173
2170,1708,2172
2169,1707,2171
2168,1706,2170
2167,1705,2169
2166,1704,2168
2165,1703,2167
2164,1702,2166
2163,1701,2165
2162,1700,2164
2161,1699,2163
2160,1698,2162
2159,1697,2161
2158,1696,2160
2157,1695,2159
2156,1694,2158
2155,1693,2157
2154,1692,2156
2153,1691,2155
2152,1690,2154
2151,1689,2153
2150,1688,2152
2149,1687,2151
2148,1686,2150
2147,1685,2149
2146,1684,2148
2145,1683,2147
2144,1682,2146
2143,1681,2145
2142,1680,2144
2141,1679,2143
2140,1678,2142
2139,1677,2141
2138,1676,2140
2137,1675,2139
2136,1674,2138
2135,1673,2137
2134,1672,2136
2133,1671,2135
2132,1670,2134
2131,1669,2133
2130,1668,2132
2129,1667,2131
2128,1666,2130
2127,1665,2129
2126,1664,2128
2125,1663,2127
2124,1662,2126
2123,1661,2125
2122,1660,2124
2121,1659,2123
2120,1658,2122
2119,1657,2121
2118,1656,2120
2117,1655,2119
2116,1654,2118
2115,1653,2117
2114,1652,2116
2113,1651,2115
2112,1650,2114
2111,1649,2113
2110,1648,2112
2109,1647,2111
2108,1646,2110
2107,1645,2109
2106,1644,2108
2105,1643,2107
2104,1642,2106
2103,1641,2105
2102,1640,2104
2101,1639,2103
2100,1638,2102
2099,1637,2101
2098,1636,2100
2097,1635,2099
2096,1634,2098
2095,1633,2097
2094,1632,2096
2093,1631,2095
2092,1630,2094
2091,1629,2093
2090,1628,2092
2089,1627,2091
2088,1626,2090
2087,1625,2089
2086,1624,2088
2085,1623,2087
2084,1622,2086
2083,1621,2085
2082,1620,2084
2081,1619,2083
2080,1618,2082
2079,1617,2081
2078,1616,2080
2077,1615,2079
2076,1614,2078
2075,1613,2077
2074,1612,2076
2073,1611,2075
2072,1610,2074
2071,1609,2073
2070,1608,2072
2069,1607,2071
2068,1606,2070
2067,1605,2069
2066,1604,2068
2065,1603,2067
2064,1602,2066
2063,1601,2065
2062,1600,2064
2061,1599,2063
2060,1598,2062
2059,1597,2061
2058,1596,2060
2057,1595,2059
2056,1594,2058
2055,1593,2057
2054,1592,2056
2053,1591,2055
2052,1590,2054
2051,1589,2053
2050,1588,2052
2049,1587,2051
2048,1586,2050
2047,1585,2049
2046,1584,2048
2045,1583,2047
2044,1582,2046
2043,1581,2045
2042,1580,2044
2041,1579,2043
2040,1578,2042
2039,1577,2041
2038,1576,2040
2037,1575,2039
2036,1574,2038
2035,1573,2037
2034,1572,2036
2033,1571,2035
2032,1570,2034
2031,1569,2033
2030,1568,2032
2029,1567,2031
2028,1566,2030
2027,1565,2029
2026,1564,2028
2025,1563,2027
2024,1562,2026
2023,1561,2025
2022,1560,2024
2021,1559,2023
2020,1558,2022
2019,1557,2021
2018,1556,2020
2017,1555,2019
2016,1554,2018
2015,1553,2017
2014,1552,2016
2013,1551,2015
2012,1550,2014
2011,1549,2013
2010,1548,2012
2009,1547,2011
2008,1546,2010
2007,1545,2009
2006,1544,2008
2005,1543,2007
2004,1542,2006
2003,1541,2005
2002,1540,2004
2001,1539,2003
2000,1538,2002
1999,1537,2001
1998,1536,2000
1997,1535,1999
1996,1535,1998
1995,1534,1997
1994,1533,1996
1993,1532,1995
1992,1531,1994
1991,1530,1993
1990,1529,1992
1989,1528,1991
1988,1527,1990
1987,1526,1989
1986,1525,1988
1985,1524,1987
1984,1523,1986
1983,1522,1985
1982,1521,1984
1981,1520,1983
1980,1519,1982
1979,1518,1981
1978,1517,1980
1977,1516,1979
1976,1515,1978
1975,1514,1977
1974,1513,1976
1973,1512,1975
1972,1511,1974
1971,1510,1973
1970,1509,1972
1969,1508,1971
1968,1507,1970
1967,1506,1969
1966,1505,1968
1965,1504,1967
1964,1503,1966
1963,1502,1965
1962,1501,1964
1961,1500,1963
1960,1499,1962
1959,1498,1961
1958,1497,1960
1957,1496,1959
1956,1495,1958
1955,1494,1957
1954,1493,1956
1953,1492,1955
1952,1491,1954
1951,1490,1953
1950,1489,1952
1949,1488,1951
1948,1487,1950
1947,1486,1949
1946,1485,1948
1945,1484,1947
1944,1483,1946
1943,1482,1945
1942,1481,1944
1941,1480,1943
1940,1479,1942
1939,1478,1941
1938,1477,1940
1937,1476,1939
1936,1475,1938
1935,1474,1937
1934,1473,1936
1933,1472,1935
1932,1471,1934
1931,1470,1933
1930,1469,1932
1929,1468,1931
1928,1467,1930
1927,1466,1929
1926,1465,1928
1925,1464,1927
1924,1463,1926
1923,1462,1925
1922,1461,1924
1921,1460,1923
1920,1459,1922
1919,1458,1921
1918,1457,1920
1917,1456,1919
1916,1455,1918
1915,1454,1917
1914,1453,1916
1913,1452,1915
1912,1451,1914
1911,1450,1913
1910,1449,1912
1909,1448,1911
1908,1447,1910
1907,1446,1909
1906,1445,1908
1905,1444,1907
1904,1443,1906
1903,1442,1905
1902,1441,1904
1901,1440,1903
1900,1439,1902
1899,1438,1901
1898,1437,1900
1897,1436,1899
1896,1435,1898
1895,1434,1897
1894,1433,1896
1893,1432,1895
1892,1431,1894
1891,1430,1893
1890,1429,1892
1889,1428,1891
1888,1427,1890
1887,1426,1889
1886,1425,1888
1885,1424,1887
1884,1423,1886
1883,1422,1885
1882,1421,1884
1881,1420,1883
1880,1419,1882
1879,1418,1881
1878,1417,1880
1877,1416,1879
1876,1415,1878
1875,1414,1877
1874,1413,1876
1873,1412,1875
1872,1411,1874
1871,1410,1873
1870,1409,1872
1869,1408,1871
1868,1407,1870
1867,1406,1869
1866,1405,1868
1865,1404,1867
1864,1403,1866
1863,1402,1865
1862,1401,1864
1861,1400,1863
1860,1399,1862
1859,1398,1861
1858,1397,1860
1857,1396,1859
1856,1395,1858
1855,1394,1857
1854,1393,1856
1853,1392,1855
1852,1391,1854
1851,1390,1853
1850,1389,1852
1849,1388,1851
1848,1387,1850
1847,1386,1849
1846,1385,1848
1845,1384,1847
1844,1383,1846
1843,1382,1845
1842,1381,1844
1841,1380,1843
1840,1379,1842
1839,1378,1841
1838,1377,1840
1837,1376,1839
1836,1375,1838
1835,1374,1837
1834,1373,1836
1833,1372,1835
1832,1371,1834
1831,1370,1833
1830,1369,1832
1829,1368,1831
1828,1367,1830
1827,1366,1829
1826,1365,1828
1825,1364,1827
1824,1363,1826
1823,1362,1825
1822,1361,1824
1821,1360,1823
1820,1359,1822
1819,1358,1821
1818,1357,1820
1817,1356,1819
1816,1355,1818
1815,1354,1817
1814,1353,1816
1813,1352,1815
1812,1351,1814
1811,1350,1813
1810,1349,1812
1809,1348,1811
1808,1347,1810
1807,1346,1809
1806,1345,1808
1805,1344,1807
1804,1343,1806
1803,1342,1805
1802,1341,1804
1801,1340,1803
1800,1339,1802
1799,1338,1801
1798,1337,1800
1797,1336,1799
1796,1335,1798
1795,1334,1797
1794,1333,1796
1793,1332,1795
1792,1331,1794
1791,1330,1793
1790,1329,1792
1789,1328,1791
1788,1327,1790
1787,1326,1789
1786,1325,1788
1785,1324,1787
1784,1323,1786
1783,1322,1785
1782,1321,1784
1781,1320,1783
1780,1319,1782
1779,1318,1781
1778,1317,1780
1777,1316,1779
1776,1315,1778
1775,1314,1777
1774,1313,1776
1773,1312,1775
1772,1311,1774
1771,1310,1773
1770,1309,1772
1769,1308,1771
1768,1307,1770
1767,1306,1769
1766,1305,1768
1765,1304,1767
1764,1303,1766
1763,1302,1765
1762,1301,1764
1761,1300,1763
1760,1299,1762
1759,1298,1761
1758,1297,1760
1757,1296,1759
1756,1295,1758
1755,1294,1757
1754,1293,1756
1753,1292,1755
1752,1291,1754
1751,1290,1753
1750,1289,1752
1749,1288,1751
1748,1287,1750
1747,1286,1749
1746,1285,1748
1745,1284,1747
1744,1283,1746
1743,1282,1745
1742,1281,1744
1741,1280,1743
1740,1279,1742
1739,1278,1741
1738,1277,1740
1737,1276,1739
1736,1275,1738
1735,1274,1737
1734,1273,1736
1733,1272,1735
1732,1271,1734
1731,1270,1733
1730,1269,1732
1729,1268,1731
1728,1267,1730
1727,1266,1729
1726,1265,1728
1725,1264,1727
1724,1263,1726
1723,1262,1725
1722,1261,1724
1721,1260,1723
1720,1259,1722
1719,1258,1721
1718,1257,1720
1717,1256,1719
1716,1255,1718
1715,1254,1717
1714,1253,1716
1713,1252,1715
1712,1251,1714
1711,1250,1713
1710,1249,1712
1709,1248,1711
1708,1247,1710
1707,1246,1709
1706,1245,1708
1705,1244,1707
1704,1243,1706
1703,1242,1705
1702,1241,1704
1701,1240,1703
1700,1239,1702
1699,1238,1701
1698,1237,1700
1697,1236,1699
1696,1235,1698
1695,1234,1697
1694,1233,1696
1693,1232,1695
1692,1231,1694
1691,1230,1693
1690,1229,1692
1689,1228,1691
1688,1227,1690
1687,1226,1689
1686,1225,1688
1685,1224,1687
1684,1223,1686
1683,1222,1685
1682,1221,1684
1681,1220,1683
1680,1219,1682
1679,1218,1681
1678,1217,1680
1677,1216,1679
1676,1215,1678
1675,1214,1677
1674,1213,1676
1673,1212,1675
1672,1211,1674
1671,1210,1673
1670,1209,1672
1669,1208,1671
1668,1207,1670
1667,1206,1669
1666,1205,1668
1665,1204,1667
1664,1203,1666
1663,1202,1665
1662,1201,1664
1661,1200,1663
1660,1199,1662
1659,1198,1661
1658,1197,1660
1657,1196,1659
1656,1195,1658
1655,1194,1657
1654,1193,1656
1653,1192,1655
1652,1191,1654
1651,1190,1653
1650,1189,1652
1649,1188,1651
1648,1187,1650
1647,1186,1649
1646,1185,1648
1645,1184,1647
1644,1183,1646
1643,1182,1645
1642,1181,1644
1641,1180,1643
1640,1179,1642
1639,1178,1641
1638,1177,1640
1637,1176,1639
1636,1175,1638
1635,1174,1637
1634,1173,1636
1633,1172,1635
1632,1171,1634
1631,1170,1633
1630,1169,1632
1629,1168,1631
1628,1167,1630
1627,1166,1629
1626,1165,1628
1625,1164,1627
1624,1163,1626
1623,1162,1625
1622,1161,1624
1621,1160,1623
1620,1159,1622
1619,1158,1621
1618,1157,1620
1617,1156,1619
1616,1155,1618
1615,1154,1617
1614,1153,1616
1613,1152,1615
1612,1151,1614
1611,1150,1613
1610,1149,1612
1609,1148,1611
1608,1147,1610
1607,1146,1609
1606,1145,1608
1605,1144,1607
1604,1143,1606
1603,1142,1605
1602,1141,1604
1601,1140,1603
1600,1139,1602
1599,1138,1601
1598,1137,1600
1597,1136,1599
1596,1135,1598
1595,1134,1597
1594,1133,1596
1593,1132,1595
1592,1131,1594
1591,1130,1593
1590,1129,1592
1589,1128,1591
1588,1127,1590
1587,1126,1589
1586,1125,1588
1585,1124,1587
1584,1123,1586
1583,1122,1585
1582,1121,1584
1581,1120,1583
1580,1119,1582
1579,1118,1581
1578,1117,1580
1577,1116,1579
1576,1115,1578
1575,1114,1577
1574,1113,1576
1573,1112,1575
1572,1111,1574
1571,1110,1573
1570,1109,1572
1569,1108,1571
1568,1107,1570
1567,1106,1569
1566,1105,1568
1565,1104,1567
1564,1103,1566
1563,1102,1565
1562,1101,1564
1561,1100,1563
1560,1099,1562
1559,1098,1561
1558,1097,1560
1557,1096,1559
1556,1095,1558
1555,1094,1557
1554,1093,1556
1553,1092,1555
1552,1091,1554
1551,1090,1553
1550,1089,1552
1549,1088,1551
1548,1087,1550
1547,1086,1549
1546,1085,1548
1545,1084,1547
1544,1083,1546
1543,1082,1545
1542,1081,1544
1541,1080,1543
1540,1079,1542
1539,1078,1541
1538,1077,1540
1537,1076,1539
1536,1075,1538
1535,1074,1537
1534,1073,1536
1533,1072,1535
1532,1071,1534
1531,1070,1533
1530,1069,1532
1529,1068,1531
1528,1067,1530
1527,1066,1529
1526,1065,1528
1525,1064,1527
1524,1063,1526
1523,1062,1525
1522,1061,1524
1521,1060,1523
1520,1059,1522
1519,1058,1521
1518,1057,1520
1517,1056,1519
1516,1055,1518
1515,1054,1517
1514,1053,1516
1513,1052,1515
1512,1051,1514
1511,1050,1513
1510,1049,1512
1509,1048,1511
1508,1047,1510
1507,1046,1509
1506,1045,1508
1505,1044,1507
1504,1043,1506
1503,1042,1505
1502,1041,1504
1501,1040,1503
1500,1039,1502
1499,1038,1501
1498,1037,1500
1497,1036,1499
1496,1035,1498
1495,1034,1497
1494,1033,1496
1493,1032,1495
1492,1031,1494
1491,1030,1493
1490,1029,1492
1489,1028,1491
1488,1027,1490
1487,1026,1489
1486,1025,1488
1485,1024,1487
1484,1023,1486
1483,1022,1485
1482,1021,1484
1481,1020,1483
1480,1019,1482
1479,1018,1481
1478,1017,1480
1477,1016,1479
1476,1015,1478
1475,1014,1477
1474,1013,1476
1473,1012,1475
1472,1011,1474
1471,1010,1473
1470,1009,1472
1469,1008,1471
1468,1007,1470
1467,1006,1469
1466,1005,1468
1465,1004,1467
1464,1003,1466
1463,1002,1465
1462,1001,1464
1461,1000,1463
1460,999,1462
1459,998,1461
1458,997,1460
1457,996,1459
1456,995,1458
1455,994,1457
1454,993,1456
1453,992,1455
1452,991,1454
1451,990,1453
1450,989,1452
1449,988,1451
1448,987,1450
1447,986,1449
1446,985,1448
1445,984,1447
1444,983,1446
1443,982,1445
1442,981,1444
1441,980,1443
1440,979,1442
1439,978,1441
1438,977,1440
1437,976,1439
1436,975,1438
1435,974,1437
1434,973,1436
1433,972,1435
1432,971,1434
1431,970,1433
1430,969,1432
1429,968,1431
1428,967,1430
1427,966,1429
1426,965,1428
1425,964,1427
1424,963,1426
1423,962,1425
1422,961,1424
1421,960,1423
1420,959,1422
1419,958,1421
1418,957,1420
1417,956,1419
1416,955,1418
1415,954,1417
1414,953,1416
1413,952,1415
1412,951,1414
1411,950,1413
1410,949,1412
1409,948,1411
1408,947,1410
1407,946,1409
1406,945,1408
1405,944,1407
1404,943,1406
1403,942,1405
1402,941,1404
1401,940,1403
1400,939,1402
1399,938,1401
1398,937,1400
1397,936,1399
1396,935,1398
1395,934,1397
1394,933,1396
1393,932,1395
1392,931,1394
1391,930,1393
1390,929,1392
1389,928,1391
1388,927,1390
1387,926,1389
1386,925,1388
1385,924,1387
1384,923,1386
1383,922,1385
1382,921,1384
1381,920,1383
1380,919,1382
1379,918,1381
1378,917,1380
1377,916,1379
1376,915,1378
1375,914,1377
1374,913,1376
1373,912,1375
1372,911,1374
1371,910,1373
1370,909,1372
1369,908,1371
1368,907,1370
1367,906,1369
1366,905,1368
1365,904,1367
1364,903,1366
1363,902,1365
1362,901,1364
1361,900,1363
1360,899,1362
1359,898,1361
1358,897,1360
1357,896,1359
1356,895,1358
1355,894,1357
1354,893,1356
1353,892,1355
1352,891,1354
1351,890,1353
1350,889,1352
1349,888,1351
1348,887,1350
1347,886,1349
1346,885,1348
1345,884,1347
1344,883,1346
1343,882,1345
1342,881,1344
1341,880,1343
1340,879,1342
1339,878,1341
1338,877,1340
1337,876,1339
1336,875,1338
1335,874,1337
1334,873,1336
1333,872,1335
1332,871,1334
1331,870,1333
1330,869,1332
1329,868,1331
1328,867,1330
1327,866,1329
1326,865,1328
1325,864,1327
1324,863,1326
1323,862,1325
1322,861,1324
1321,860,1323
1320,859,1322
1319,858,1321
1318,857,1320
1317,856,1319
1316,855,1318
1315,854,1317
1314,853,1316
1313,852,1315
1312,851,1314
1311,850,1313
1310,849,1312
1309,848,1311
1308,847,1310
1307,846,1309
1306,845,1308
1305,844,1307
1304,843,1306
1303,842,1305
1302,841,1304
1301,840,1303
1300,839,1302
1299,838,1301
1298,837,1300
1297,836,1299
1296,835,1298
1295,834,1297
1294,833,1296
1293,832,1295
1292,831,1294
1291,830,1293
1290,829,1292
1289,828,1291
1288,827,1290
1287,826,1289
1286,825,1288
1285,824,1287
1284,823,1286
1283,822,1285
1282,821,1284
1281,820,1283
1280,819,1282
1279,818,1281
1278,817,1280
1277,816,1279
1276,815,1278
1275,814,1277
1274,813,1276
1273,812,1275
1272,811,1274
1271,810,1273
1270,809,1272
1269,808,1271
1268,807,1270
1267,806,1269
1266,805,1268
1265,804,1267
1264,803,1266
1263,802,1265
1262,801,1264
1261,800,1263
1260,799,1262
1259,798,1261
1258,797,1260
1257,796,1259
1256,795,1258
1255,794,1257
1254,793,1256
1253,792,1255
1252,791,1254
1251,790,1253
1250,789,1252
1249,788,1251
1248,787,1250
1247,786,1249
1246,785,1248
1245,784,1247
1244,783,1246
1243,782,1245
1242,781,1244
1241,780,1243
1240,779,1242
1239,778,1241
1238,777,1240
1237,776,1239
1236,775,1238
1235,774,1237
1234,773,1236
1233,772,1235
1232,771,1234
1231,770,1233
1230,769,1232
1229,768,1231
1228,767,1230
1227,766,1229
1226,765,1228
1225,764,1227
1224,763,1226
1223,762,1225
1222,761,1224
1221,760,1223
1220,759,1222
1219,758,1221
1218,757,1220
1217,756,1219
1216,755,1218
1215,754,1217
1214,753,1216
1213,752,1215
1212,751,1214
1211,750,1213
1210,749,1212
1209,748,1211
1208,747,1210
1207,746,1209
1206,745,1208
1205,744,1207
1204,743,1206
1203,742,1205
1202,741,1204
1201,740,1203
1200,739,1202
1199,738,1201
1198,737,1200
1197,736,1199
1196,735,1198
1195,734,1197
1194,733,1196
1193,732,1195
1192,732,1194
1191,731,1193
1190,730,1192
1189,730,1191
1188,729,1190
1187,728,1189
1186,727,1188
1185,726,1187
1184,725,1186
1183,724,1185
1182,723,1184
1181,722,1183
1180,721,1182
1179,720,1181
1178,719,1180
1177,718,1179
1176,717,1178
1175,716,1177
1174,716,1176
1173,715,1175
1172,714,1174
1171,713,1173
1170,712,1172
1169,711,1171
1168,710,1170
1167,709,1169
1166,708,1168
1165,707,1167
1164,706,1166
1163,705,1165
1162,704,1164
1161,703,1163
1160,702,1162
1159,701,1161
1158,700,1160
1157,699,1159
1156,698,1158
1155,697,1157
1154,696,1156
1153,695,1155
1152,694,1154
1151,693,1153
1150,692,1152
1149,691,1151
1148,690,1150
1147,689,1149
1146,688,1148
1145,687,1147
1144,686,1146
1143,685,1145
1142,684,1144
1141,683,1143
1140,682,1142
1139,681,1141
1138,680,1140
1137,679,1139
1136,678,1138
1135,677,1137
1134,676,1136
1133,675,1135
1132,674,1134
1131,673,1133
1130,672,1132
1129,671,1131
1128,670,1130
1127,669,1129
1126,668,1128
1125,667,1127
1124,666,1126
1123,665,1125
1122,664,1124
1121,663,1123
1120,662,1122
1119,663,1121
1118,662,1120
1117,661,1119
1116,660,1118
1115,659,1117
1114,658,1116
1113,657,1115
1112,656,1114
1111,655,1113
1110,654,1112
1109,653,1111
1108,652,1110
1107,651,1109
1106,650,1108
1105,649,1107
1104,648,1106
1103,647,1105
1102,646,1104
1101,645,1103
1100,644,1102
1099,643,1101
1098,642,1100
1097,641,1099
1096,640,1098
1095,639,1097
1094,638,1096
1093,637,1095
1092,636,1094
1091,635,1093
1090,634,1092
1089,633,1091
1088,632,1090
1087,631,1089
1086,630,1088
1085,629,1087
1084,628,1086
1083,627,1085
1082,626,1084
1081,625,1083
1080,624,1082
1079,623,1081
1078,622,1080
1077,621,1079
1076,620,1078
1075,619,1077
1074,618,1076
1073,617,1075
1072,616,1074
1071,615,1073
1070,614,1072
1069,613,1071
1068,612,1070
1067,611,1069
1066,610,1068
1065,609,1067
1064,608,1066
1063,607,1065
1062,606,1064
1061,605,1063
1060,604,1062
1059,603,1061
1058,602,1060
1057,601,1059
1056,600,1058
1055,599,1057
1054,598,1056
1053,597,1055
1052,596,1054
1051,595,1053
1050,594,1052
1049,593,1051
1048,592,1050
1047,592,1049
1046,591,1048
1045,591,1047
1044,590,1046
1043,590,1045
1042,590,1044
1041,589,1043
1040,588,1042
1039,589,1041
1038,589,1040
1037,590,1039
1036,590,1038
1035,591,1037
1034,592,1036
1033,593,1035
1032,594,1034
1031,595,1033
1030,596,1032
1029,597,1031
1028,596,1030
1027,595,1029
1026,594,1028
1025,595,1027
1024,595,1026
1023,595,1025
1022,596,1024
1021,595,1023
1020,595,1022
1019,596,1021
1018,595,1020
1017,595,1019
1016,596,1018
1015,596,1017
1014,596,1016
1013,597,1015
1012,597,1014
1011,598,1013
1010,599,1012
1009,598,1011
1008,598,1010
1007,599,1009
1006,598,1008
1005,599,1007
1004,600,1006
1003,600,1005
1002,599,1004
1001,598,1003
1000,597,1002
999,596,1001
998,595,1000
997,594,999
996,593,998
995,593,997
994,594,996
993,594,995
992,593,994
991,593,993
990,594,992
989,593,991
988,592,990
987,593,989
986,593,988
985,592,987
984,591,986
983,591,985
982,592,984
981,591,983
980,591,982
979,590,981
978,589,980
977,588,979
976,587,978
975,588,977
974,588,976
973,588,975
972,589,974
971,589,973
970,590,972
969,590,971
968,591,970
967,590,969
966,590,968
965,591,967
964,590,966
963,589,965
962,588,964
961,587,963
960,588,962
959,587,961
958,587,960
957,588,959
956,589,958
955,589,957
954,590,956
953,589,955
952,588,954
951,587,953
950,586,952
949,585,951
948,584,950
947,583,949
946,582,948
945,581,947
944,581,946
943,580,945
942,580,944
941,579,943
940,578,942
939,577,941
938,577,940
937,576,939
936,575,938
935,574,937
934,573,936
933,572,935
932,571,934
931,570,933
930,569,932
929,568,931
928,567,930
927,566,929
926,565,928
925,564,927
924,563,926
923,562,925
922,561,924
921,560,923
920,559,922
919,558,921
918,557,920
917,556,919
916,555,918
915,554,917
914,553,916
913,552,915
912,551,914
911,550,913
910,549,912
909,548,911
908,547,910
907,546,909
906,545,908
905,544,907
904,543,906
903,544,905
902,544,904
901,543,903
900,542,902
899,541,901
898,540,900
897,539,899
896,538,898
895,537,897
894,536,896
893,535,895
892,534,894
891,533,893
890,532,892
889,531,891
888,530,890
887,529,889
886,528,888
885,527,887
884,526,886
883,525,885
882,524,884
881,523,883
880,522,882
879,522,881
878,521,880
877,522,879
876,521,878
875,520,877
874,521,876
873,520,875
872,519,874
871,518,873
870,517,872
869,516,871
868,515,870
867,514,869
866,513,868
865,512,867
864,511,866
863,510,865
862,509,864
861,508,863
860,507,862
859,506,861
858,505,860
857,504,859
856,503,858
855,502,857
854,501,856
853,500,855
852,499,854
851,498,853
850,497,852
849,496,851
848,495,850
847,494,849
846,493,848
845,492,847
844,491,846
843,490,845
842,489,844
841,488,843
840,487,842
839,486,841
838,485,840
837,484,839
836,483,838
835,482,837
834,481,836
833,480,835
832,479,834
831,479,833
830,478,832
829,477,831
828,476,830
827,475,829
826,474,828
825,473,827
824,472,826
823,471,825
822,470,824
821,469,823
820,468,822
819,467,821
818,466,820
817,465,819
816,464,818
815,463,817
814,462,816
813,461,815
812,460,814
811,459,813
810,458,812
809,457,811
808,458,810
807,457,809
806,456,808
805,455,807
804,454,806
803,453,805
802,452,804
801,451,803
800,450,802
799,449,801
798,448,800
797,447,799
796,446,798
795,445,797
794,444,796
793,443,795
792,442,794
791,441,793
790,440,792
789,439,791
788,438,790
787,437,789
786,436,788
785,435,787
784,434,786
783,433,785
782,432,784
781,431,783
780,430,782
779,429,781
778,428,780
777,427,779
776,426,778
775,425,777
774,424,776
773,423,775
772,422,774
771,421,773
770,420,772
769,419,771
768,418,770
767,417,769
766,418,768
765,417,767
764,416,766
763,415,765
762,414,764
761,413,763
760,412,762
759,412,761
758,411,760
757,412,759
756,411,758
755,410,757
754,409,756
753,408,755
752,407,754
751,406,753
750,406,752
749,405,751
748,406,750
747,405,749
746,404,748
745,403,747
744,402,746
743,401,745
742,400,744
741,399,743
740,398,742
739,397,741
738,396,740
737,395,739
736,394,738
735,393,737
734,392,736
733,391,735
732,390,734
731,389,733
730,388,732
729,387,731
728,386,730
727,385,729
726,384,728
725,383,727
724,382,726
723,382,725
722,381,724
721,380,723
720,379,722
719,378,721
718,377,720
717,376,719
716,375,718
715,374,717
714,373,716
713,372,715
712,371,714
711,370,713
710,369,712
709,368,711
708,367,710
707,366,709
706,365,708
705,364,707
704,363,706
703,362,705
702,361,704
701,360,703
700,359,702
699,359,701
698,358,700
697,357,699
696,356,698
695,355,697
694,354,696
693,353,695
692,352,694
691,351,693
690,350,692
689,349,691
688,348,690
687,347,689
686,346,688
685,345,687
684,344,686
683,343,685
682,342,684
681,341,683
680,340,682
679,339,681
678,338,680
677,337,679
676,336,678
675,335,677
674,334,676
673,333,675
672,332,674
671,331,673
670,330,672
669,329,671
668,328,670
667,327,669
666,326,668
665,325,667
664,324,666
663,323,665
662,322,664
661,321,663
660,320,662
659,319,661
658,318,660
657,317,659
656,316,658
655,315,657
654,314,656
653,313,655
652,312,654
651,311,653
650,310,652
649,309,651
648,309,650
647,308,649
646,307,648
645,306,647
644,305,646
643,304,645
642,303,644
641,302,643
640,301,642
639,300,641
638,299,640
637,298,639
636,297,638
635,296,637
634,295,636
633,294,635
632,293,634
631,292,633
630,291,632
629,290,631
628,289,630
627,288,629
626,287,628
625,286,627
624,285,626
623,284,625
622,283,624
621,282,623
620,281,622
619,280,621
618,279,620
617,278,619
616,277,618
615,276,617
614,275,616
613,274,615
612,273,614
611,272,613
610,271,612
609,270,611
608,269,610
607,268,609
606,267,608
605,266,607
604,265,606
603,264,605
602,263,604
601,262,603
600,261,602
599,260,601
598,259,600
597,258,599
596,257,598
595,256,597
594,255,596
593,254,595
592,253,594
591,252,593
590,251,592
589,250,591
588,249,590
587,248,589
586,247,588
585,246,587
584,245,586
583,244,585
582,243,584
581,242,583
580,241,582
579,240,581
578,239,580
577,238,579
576,237,578
575,236,577
574,235,576
573,234,575
572,233,574
571,232,573
570,231,572
569,230,571
568,229,570
567,228,569
566,227,568
565,226,567
564,225,566
563,224,565
562,223,564
561,222,563
560,221,562
559,220,561
558,219,560
557,220,559
556,219,558
555,218,557
554,217,556
553,216,555
552,215,554
551,214,553
550,213,552
549,212,551
548,211,550
547,210,549
546,209,548
545,208,547
544,207,546
543,206,545
542,205,544
541,204,543
540,203,542
539,202,541
538,201,540
537,200,539
536,199,538
535,198,537
534,197,536
533,196,535
532,195,534
531,194,533
530,193,532
529,192,531
528,191,530
527,190,529
526,189,528
525,188,527
524,187,526
523,186,525
522,185,524
521,185,523
520,184,522
519,183,521
518,182,520
517,181,519
516,182,518
515,182,517
514,181,516
513,180,515
512,179,514
511,178,513
510,177,512
509,176,511
508,175,510
507,175,509
506,174,508
505,173,507
504,172,506
503,171,505
502,170,504
501,169,503
500,168,502
499,167,501
498,166,500
497,165,499
496,164,498
495,163,497
494,162,496
493,161,495
492,160,494
491,159,493
490,158,492
489,157,491
488,156,490
487,155,489
486,154,488
485,153,487
484,152,486
483,151,485
482,150,484
481,149,483
480,148,482
479,147,481
478,146,480
477,145,479
476,144,478
475,143,477
474,142,476
473,141,475
472,140,474
471,139,473
470,138,472
469,137,471
468,136,470
467,135,469
466,134,468
465,134,467
464,133,466
463,134,465
462,133,464
461,132,463
460,131,462
459,130,461
458,129,460
457,129,459
456,128,458
455,128,457
454,127,456
453,126,455
452,125,454
451,124,453
450,123,452
449,122,451
448,121,450
447,120,449
446,120,448
445,119,447
444,118,446
443,117,445
442,116,444
441,115,443
440,114,442
439,113,441
438,113,440
437,112,439
436,111,438
435,110,437
434,111,436
433,110,435
432,109,434
431,108,433
430,107,432
429,106,431
428,105,430
427,104,429
426,103,428
425,102,427
424,101,426
423,100,425
422,99,424
421,98,423
420,97,422
419,96,421
418,95,420
417,94,419
416,93,418
415,93,417
414,92,416
413,91,415
412,90,414
411,89,413
410,88,412
409,87,411
408,86,410
407,85,409
406,84,408
405,83,407
404,84,406
403,83,405
402,82,404
401,81,403
400,80,402
399,79,401
398,78,400
397,77,399
396,76,398
395,75,397
394,74,396
393,73,395
392,72,394
391,71,393
390,70,392
389,69,391
388,70,390
387,69,389
386,68,388
385,67,387
384,66,386
383,65,385
382,64,384
381,63,383
380,64,382
379,64,381
378,63,380
377,62,379
376,61,378
375,60,377
374,59,376
373,58,375
372,57,374
371,56,373
370,55,372
369,54,371
368,53,370
367,52,369
366,51,368
365,50,367
364,49,366
363,48,365
362,47,364
361,46,363
360,45,362
359,44,361
358,43,360
357,42,359
356,41,358
355,40,357
354,39,356
353,38,355
352,37,354
351,36,353
350,35,352
349,34,351
348,33,350
347,34,349
346,35,348
345,35,347
344,34,346
343,33,345
342,32,344
341,31,343
340,30,342
339,30,341
338,29,340
337,28,339
336,27,338
335,26,337
334,25,336
333,24,335
332,23,334
331,22,333
330,23,332
329,23,331
328,22,330
327,21,329
326,20,328
325,19,327
324,18,326
323,17,325
322,17,324
321,16,323
320,15,322
319,14,321
318,14,320
317,13,319
316,13,318
315,14,317
314,13,316
313,12,315
312,11,314
311,11,313
310,10,312
309,9,311
308,8,310
307,7,309
306,8,308
305,9,307
304,10,306
303,10,305
302,9,304
301,8,303
300,7,302
299,6,301
298,5,300
297,6,299
296,6,298
295,7,297
294,8,296
293,8,295
292,9,294
291,8,293
290,8,292
289,9,291
288,10,290
287,9,289
286,8,288
285,8,287
284,9,286
283,10,285
282,10,284
281,10,283
280,11,282
279,12,281
278,12,280
277,13,279
276,14,278
275,13,277
274,13,276
273,14,275
272,14,274
271,14,273
270,15,272
269,15,271
268,15,270
267,14,269
266,13,268
265,13,267
264,13,266
263,13,265
262,12,264
261,11,263
260,11,262
259,11,261
258,11,260
257,10,259
256,11,258
255,12,257
254,11,256
253,11,255
252,12,254
251,12,253
250,11,252
249,11,251
248,10,250
247,9,249
246,8,248
245,9,247
244,9,246
243,9,245
242,10,244
241,11,243
240,12,242
239,13,241
238,13,240
237,13,239
236,12,238
235,11,237
234,11,236
233,12,235
232,11,234
231,12,233
230,11,232
229,10,231
228,9,230
227,8,229
226,7,228
225,6,227
224,5,226
223,6,225
222,6,224
221,6,223
220,6,222
219,7,221
218,7,220
217,7,219
216,6,218
215,5,217
214,6,216
213,7,215
212,7,214
211,7,213
210,8,212
209,9,211
208,10,210
207,11,209
206,12,208
205,13,207
204,14,206
203,15,205
202,15,204
201,16,203
200,17,202
199,18,201
198,17,200
197,18,199
196,17,198
195,16,197
194,16,196
193,15,195
192,16,194
191,15,193
190,14,192
189,13,191
188,12,190
187,11,189
186,10,188
185,9,187
184,8,186
183,7,185
182,6,184
181,5,183
180,4,182
179,5,181
178,5,180
177,5,179
176,6,178
175,6,177
174,5,176
173,6,175
172,7,174
171,8,173
170,9,172
169,8,171
168,8,170
167,7,169
166,8,168
165,9,167
164,10,166
163,9,165
162,10,164
161,9,163
160,8,162
159,7,161
158,8,160
157,8,159
156,7,158
155,8,157
154,7,156
153,7,155
152,7,154
151,6,153
150,6,152
149,5,151
148,4,150
147,5,149
146,4,148
145,4,147
144,5,146
143,6,145
142,5,144
141,4,143
140,5,142
139,6,141
138,7,140
137,8,139
136,9,138
135,10,137
134,9,136
133,8,135
132,7,134
131,6,133
130,7,132
129,7,131
128,6,130
127,5,129
126,4,128
125,5,127
124,6,126
123,5,125
122,4,124
121,5,123
120,4,122
119,5,121
118,6,120
117,5,119
116,6,118
115,7,117
114,8,116
113,9,115
112,10,114
111,9,113
110,10,112
109,11,111
108,10,110
107,10,109
106,10,108
105,10,107
104,11,106
103,11,105
102,12,104
101,13,103
100,13,102
99,13,101
98,12,100
97,13,99
96,13,98
95,12,97
94,11,96
93,12,95
92,12,94
91,12,93
90,13,92
89,12,91
88,11,90
87,10,89
86,11,88
85,11,87
84,12,86
83,13,85
82,13,84
81,14,83
80,13,82
79,13,81
78,12,80
77,11,79
76,10,78
75,9,77
74,8,76
73,9,75
72,10,74
71,11,73
70,10,72
69,9,71
68,9,70
67,8,69
66,7,68
65,7,67
64,8,66
63,9,65
62,9,64
61,10,63
60,9,62
59,9,61
58,9,60
57,8,59
56,8,58
55,7,57
54,6,56
53,6,55
52,6,54
51,7,53
50,6,52
49,5,51
48,4,50
47,5,49
46,5,48
45,5,47
44,6,46
43,5,45
42,6,44
41,6,43
40,5,42
39,6,41
38,6,40
37,5,39
36,6,38
35,7,37
34,6,36
33,5,35
32,6,34
31,7,33
30,7,32
29,6,31
28,5,30
27,4,29
26,5,28
25,6,27
24,5,26
23,6,25
22,7,24
21,6,23
20,5,22
19,4,21
18,5,20
17,5,19
16,4,18
15,4,17
14,5,16
13,6,15
12,6,14
11,6,13
10,7,12
9,6,11
8,5,10
7,4,9
6,5,8
5,6,7
4,5,6
3,6,5
2,5,4
1,4,3
0,3,2
1,2,2
0,1,1
0,0,0
